Pizza,-59,2.7,-34,0,0,1,0,1,1,1,6.90,1
Pizza,-56,2.7,-34,0,0,1,0,1,1,1,6.90,1
Pizza,-53,2.7,-34,0,0,1,0,1,1,1,6.90,1
Pizza,-50,2.7,-34,0,0,1,0,1,1,1,6.90,1
Pizza,-45,2.7,-34,0,0,1,0,1,1,1,6.90,1
Pizza,-42,2.7,-34,0,0,1,0,1,1,1,6.90,1
Pizza,-39,2.7,-34,0,0,1,0,1,1,1,6.90,1
Pizza,-36,2.7,-34,0,0,1,0,1,1,1,6.90,1
Pizza,-30,2.7,-34,0,0,1,0,1,1,1,6.90,1
Pizza,-27,2.7,-34,0,0,1,0,1,1,1,6.90,1
Pizza,-24,2.7,-34,0,0,1,0,1,1,1,6.90,1
Pizza,-21,2.7,-34,0,0,1,0,1,1,1,6.90,1
Pizza,-16,2.7,-34,0,0,1,0,1,1,1,6.90,1
Pizza,-13,2.7,-34,0,0,1,0,1,1,1,6.90,1
Pizza,-10,2.7,-34,0,0,1,0,1,1,1,6.90,1
Pizza,-7,2.7,-34,0,0,1,0,1,1,1,6.90,1
Pizza,-2,2.7,-34,0,0,1,0,1,1,1,6.90,1
Pizza,1,2.7,-34,0,0,1,0,1,1,1,6.90,1
Pizza,4,2.7,-34,0,0,1,0,1,1,1,6.90,1
Pizza,7,2.7,-34,0,0,1,0,1,1,1,6.90,1
Pizza,11,2.7,-34,0,0,1,0,1,1,1,6.90,1
Pizza,14,2.7,-34,0,0,1,0,1,1,1,6.90,1
Pizza,17,2.7,-34,0,0,1,0,1,1,1,6.90,1
Pizza,20,2.7,-34,0,0,1,0,1,1,1,6.90,1
Pizza,26,2.7,-34,0,0,1,0,1,1,1,6.90,1
Pizza,29,2.7,-34,0,0,1,0,1,1,1,6.90,1
Pizza,32,2.7,-34,0,0,1,0,1,1,1,6.90,1
Pizza,35,2.7,-34,0,0,1,0,1,1,1,6.90,1
IceCream,-21,3.8,-34,0,0,1,0,1,1,1,8.90,1
IceCream,-24,3.8,-34,0,0,1,0,1,1,1,8.90,1
IceCream,-27,3.8,-34,0,0,1,0,1,1,1,8.90,1
IceCream,-30,3.8,-34,0,0,1,0,1,1,1,8.90,1
IceCream,-21,5.6,-34,0,0,1,0,1,1,1,8.90,1
IceCream,-24,5.6,-34,0,0,1,0,1,1,1,8.90,1
IceCream,-27,5.6,-34,0,0,1,0,1,1,1,8.90,1
IceCream,-30,5.6,-34,0,0,1,0,1,1,1,8.90,1
IceCream,-36,3.8,-34,0,0,1,0,1,1,1,8.90,1
IceCream,-39,3.8,-34,0,0,1,0,1,1,1,8.90,1
IceCream,-42,3.8,-34,0,0,1,0,1,1,1,8.90,1
IceCream,-45,3.8,-34,0,0,1,0,1,1,1,8.90,1
IceCream,-36,5.6,-34,0,0,1,0,1,1,1,8.90,1
IceCream,-39,5.6,-34,0,0,1,0,1,1,1,8.90,1
IceCream,-42,5.6,-34,0,0,1,0,1,1,1,8.90,1
IceCream,-45,5.6,-34,0,0,1,0,1,1,1,8.90,1
McNCheese,7,4.5,-34,0,0,1,0,1,1,1,4.90,1
McNCheese,5,4.5,-34,0,0,1,0,1,1,1,4.90,1
McNCheese,3,4.5,-34,0,0,1,0,1,1,1,4.90,1
McNCheese,1,4.5,-34,0,0,1,0,1,1,1,4.90,1
McNCheese,-1,4.5,-34,0,0,1,0,1,1,1,4.90,1
McNCheese,-3,4.5,-34,0,0,1,0,1,1,1,4.90,1
McNCheese,7,6.3,-34,0,0,1,0,1,1,1,4.90,1
McNCheese,5,6.3,-34,0,0,1,0,1,1,1,4.90,1
McNCheese,3,6.3,-34,0,0,1,0,1,1,1,4.90,1
McNCheese,1,6.3,-34,0,0,1,0,1,1,1,4.90,1
McNCheese,-1,6.3,-34,0,0,1,0,1,1,1,4.90,1
McNCheese,-3,6.3,-34,0,0,1,0,1,1,1,4.90,1
McNCheese,-7,4.5,-34,0,0,1,0,1,1,1,4.90,1
McNCheese,-9,4.5,-34,0,0,1,0,1,1,1,4.90,1
McNCheese,-11,4.5,-34,0,0,1,0,1,1,1,4.90,1
McNCheese,-13,4.5,-34,0,0,1,0,1,1,1,4.90,1
McNCheese,-15,4.5,-34,0,0,1,0,1,1,1,4.90,1
McNCheese,-17,4.5,-34,0,0,1,0,1,1,1,4.90,1
McNCheese,-7,6.3,-34,0,0,1,0,1,1,1,4.90,1
McNCheese,-9,6.3,-34,0,0,1,0,1,1,1,4.90,1
McNCheese,-11,6.3,-34,0,0,1,0,1,1,1,4.90,1
McNCheese,-13,6.3,-34,0,0,1,0,1,1,1,4.90,1
McNCheese,-15,6.3,-34,0,0,1,0,1,1,1,4.90,1
McNCheese,-17,6.3,-34,0,0,1,0,1,1,1,4.90,1
Toblerone,21,3.9,-34,0,0,1,0,1,1,1,1.90,1
Toblerone,18,3.9,-34,0,0,1,0,1,1,1,1.90,1
Toblerone,15,3.9,-34,0,0,1,0,1,1,1,1.90,1
Toblerone,12,3.9,-34,0,0,1,0,1,1,1,1.90,1
Toblerone,21,5.8,-34,0,0,1,0,1,1,1,1.90,1
Toblerone,18,5.8,-34,0,0,1,0,1,1,1,1.90,1
Toblerone,15,5.8,-34,0,0,1,0,1,1,1,1.90,1
Toblerone,12,5.8,-34,0,0,1,0,1,1,1,1.90,1
Toblerone,34,3.9,-34,0,0,1,0,1,1,1,1.90,1
Toblerone,31,3.9,-34,0,0,1,0,1,1,1,1.90,1
Toblerone,28,3.9,-34,0,0,1,0,1,1,1,1.90,1
Toblerone,25,3.9,-34,0,0,1,0,1,1,1,1.90,1
Toblerone,34,5.8,-34,0,0,1,0,1,1,1,1.90,1
Toblerone,31,5.8,-34,0,0,1,0,1,1,1,1.90,1
Toblerone,28,5.8,-34,0,0,1,0,1,1,1,1.90,1
Toblerone,25,5.8,-34,0,0,1,0,1,1,1,1.90,1
Rocher,-59,4.5,-34,180,0,1,0,1,1,1,11,90,1
Rocher,-56,4.5,-34,180,0,1,0,1,1,1,11,90,1
Rocher,-53,4.5,-34,180,0,1,0,1,1,1,11,90,1
Rocher,-50,4.5,-34,180,0,1,0,1,1,1,11,90,1
Rocher,-59,6.4,-34,180,0,1,0,1,1,1,11,90,1
Rocher,-56,6.4,-34,180,0,1,0,1,1,1,11,90,1
Rocher,-53,6.4,-34,180,0,1,0,1,1,1,11,90,1
Rocher,-50,6.4,-34,180,0,1,0,1,1,1,11,90,1
Coke,-27.85,3.6,-16.3,180,0,1,0,1,1,1,0.80,1
Coke,-26.05,3.6,-16.3,180,0,1,0,1,1,1,0.80,1
Coke,-24.2,3.6,-16.3,180,0,1,0,1,1,1,0.80,1
Coke,-21.85,3.6,-16.3,180,0,1,0,1,1,1,0.80,1
Coke,-20.05,3.6,-16.3,180,0,1,0,1,1,1,0.80,1
Coke,-18.25,3.6,-16.3,180,0,1,0,1,1,1,0.80,1
Coke,-15.9,3.6,-16.3,180,0,1,0,1,1,1,0.80,1
Coke,-14.1,3.6,-16.3,180,0,1,0,1,1,1,0.80,1
Coke,-12.2,3.6,-16.3,180,0,1,0,1,1,1,0.80,1
Coke,-9.85,3.6,-16.3,180,0,1,0,1,1,1,0.80,1
Coke,-8.05,3.6,-16.3,180,0,1,0,1,1,1,0.80,1
Coke,-6.25,3.6,-16.3,180,0,1,0,1,1,1,0.80,1
Coke,-27.85,5.6,-16.3,180,0,1,0,1,1,1,0.80,1
Coke,-26.05,5.6,-16.3,180,0,1,0,1,1,1,0.80,1
Coke,-24.2,5.6,-16.3,180,0,1,0,1,1,1,0.80,1
Coke,-21.85,5.6,-16.3,180,0,1,0,1,1,1,0.80,1
Coke,-20.05,5.6,-16.3,180,0,1,0,1,1,1,0.80,1
Coke,-18.25,5.6,-16.3,180,0,1,0,1,1,1,0.80,1
Coke,-15.9,5.6,-16.3,180,0,1,0,1,1,1,0.80,1
Coke,-14.1,5.6,-16.3,180,0,1,0,1,1,1,0.80,1
Coke,-12.2,5.6,-16.3,180,0,1,0,1,1,1,0.80,1
Coke,-9.85,5.6,-16.3,180,0,1,0,1,1,1,0.80,1
Coke,-8.05,5.6,-16.3,180,0,1,0,1,1,1,0.80,1
Coke,-6.25,5.6,-16.3,180,0,1,0,1,1,1,0.80,1
Coke,-27.85,7.5,-16.3,180,0,1,0,1,1,1,0.80,1
Coke,-26.05,7.5,-16.3,180,0,1,0,1,1,1,0.80,1
Coke,-24.2,7.5,-16.3,180,0,1,0,1,1,1,0.80,1
Coke,-21.85,7.5,-16.3,180,0,1,0,1,1,1,0.80,1
Coke,-20.05,7.5,-16.3,180,0,1,0,1,1,1,0.80,1
Coke,-18.25,7.5,-16.3,180,0,1,0,1,1,1,0.80,1
Coke,-15.9,7.5,-16.3,180,0,1,0,1,1,1,0.80,1
Coke,-14.1,7.5,-16.3,180,0,1,0,1,1,1,0.80,1
Coke,-12.2,7.5,-16.3,180,0,1,0,1,1,1,0.80,1
Coke,-9.85,7.5,-16.3,180,0,1,0,1,1,1,0.80,1
Coke,-8.05,7.5,-16.3,180,0,1,0,1,1,1,0.80,1
Coke,-6.25,7.5,-16.3,180,0,1,0,1,1,1,0.80,1
Pepsi,-61.6,3.6,-16.3,180,0,1,0,1,1,1,0.80,1
Pepsi,-59.8,3.6,-16.3,180,0,1,0,1,1,1,0.80,1
Pepsi,-58,3.6,-16.3,180,0,1,0,1,1,1,0.80,1
Pepsi,-55.65,3.6,-16.3,180,0,1,0,1,1,1,0.80,1
Pepsi,-53.85,3.6,-16.3,180,0,1,0,1,1,1,0.80,1
Pepsi,-52.05,3.6,-16.3,180,0,1,0,1,1,1,0.80,1
Pepsi,-49.7,3.6,-16.3,180,0,1,0,1,1,1,0.80,1
Pepsi,-47.9,3.6,-16.3,180,0,1,0,1,1,1,0.80,1
Pepsi,-46.1,3.6,-16.3,180,0,1,0,1,1,1,0.80,1
Pepsi,-43.75,3.6,-16.3,180,0,1,0,1,1,1,0.80,1
Pepsi,-41.95,3.6,-16.3,180,0,1,0,1,1,1,0.80,1
Pepsi,-40.15,3.6,-16.3,180,0,1,0,1,1,1,0.80,1
Pepsi,-61.64,5.6,-16.3,180,0,1,0,1,1,1,0.80,1
Pepsi,-59.8,5.6,-16.3,180,0,1,0,1,1,1,0.80,1
Pepsi,-58,5.6,-16.3,180,0,1,0,1,1,1,0.80,1
Pepsi,-55.65,5.6,-16.3,180,0,1,0,1,1,1,0.80,1
Pepsi,-53.85,5.6,-16.3,180,0,1,0,1,1,1,0.80,1
Pepsi,-52.05,5.6,-16.3,180,0,1,0,1,1,1,0.80,1
Pepsi,-49.75,5.6,-16.3,180,0,1,0,1,1,1,0.80,1
Pepsi,-47.95,5.6,-16.3,180,0,1,0,1,1,1,0.80,1
Pepsi,-46.15,5.6,-16.3,180,0,1,0,1,1,1,0.80,1
Pepsi,-43.75,5.6,-16.3,180,0,1,0,1,1,1,0.80,1
Pepsi,-41.95,5.6,-16.3,180,0,1,0,1,1,1,0.80,1
Pepsi,-40.15,5.6,-16.3,180,0,1,0,1,1,1,0.80,1
Pepsi,-61.64,7.5,-16.3,180,0,1,0,1,1,1,0.80,1
Pepsi,-59.8,7.5,-16.3,180,0,1,0,1,1,1,0.80,1
Pepsi,-58,7.5,-16.3,180,0,1,0,1,1,1,0.80,1
Pepsi,-55.65,7.5,-16.3,180,0,1,0,1,1,1,0.80,1
Pepsi,-53.85,7.5,-16.3,180,0,1,0,1,1,1,0.80,1
Pepsi,-52.05,7.5,-16.3,180,0,1,0,1,1,1,0.80,1
Pepsi,-49.75,7.5,-16.3,180,0,1,0,1,1,1,0.80,1
Pepsi,-47.95,7.5,-16.3,180,0,1,0,1,1,1,0.80,1
Pepsi,-46.15,7.5,-16.3,180,0,1,0,1,1,1,0.80,1
Pepsi,-43.75,7.5,-16.3,180,0,1,0,1,1,1,0.80,1
Pepsi,-41.95,7.5,-16.3,180,0,1,0,1,1,1,0.80,1
Pepsi,-40.15,7.5,-16.3,180,0,1,0,1,1,1,0.80,1
MtDew,6.3,3.6,-16.3,0,0,1,0,1,1,1,0.80,1
MtDew,8.1,3.6,-16.3,0,0,1,0,1,1,1,0.80,1
MtDew,9.9,3.6,-16.3,0,0,1,0,1,1,1,0.80,1
MtDew,12.25,3.6,-16.3,0,0,1,0,1,1,1,0.80,1
MtDew,14.05,3.6,-16.3,0,0,1,0,1,1,1,0.80,1
MtDew,15.85,3.6,-16.3,0,0,1,0,1,1,1,0.80,1
MtDew,18.2,3.6,-16.3,0,0,1,0,1,1,1,0.80,1
MtDew,20,3.6,-16.3,0,0,1,0,1,1,1,0.80,1
MtDew,21.8,3.6,-16.3,0,0,1,0,1,1,1,0.80,1
MtDew,24.15,3.6,-16.3,0,0,1,0,1,1,1,0.80,1
MtDew,25.95,3.6,-16.3,0,0,1,0,1,1,1,0.80,1
MtDew,27.75,3.6,-16.3,0,0,1,0,1,1,1,0.80,1
MtDew,6.3,5.5,-16.3,0,0,1,0,1,1,1,0.80,1
MtDew,8.1,5.5,-16.3,0,0,1,0,1,1,1,0.80,1
MtDew,9.9,5.5,-16.3,0,0,1,0,1,1,1,0.80,1
MtDew,12.25,5.5,-16.3,0,0,1,0,1,1,1,0.80,1
MtDew,14.05,5.5,-16.3,0,0,1,0,1,1,1,0.80,1
MtDew,15.85,5.5,-16.3,0,0,1,0,1,1,1,0.80,1
MtDew,18.2,5.5,-16.3,0,0,1,0,1,1,1,0.80,1
MtDew,20,5.5,-16.3,0,0,1,0,1,1,1,0.80,1
MtDew,21.8,5.5,-16.3,0,0,1,0,1,1,1,0.80,1
MtDew,24.15,5.5,-16.3,0,0,1,0,1,1,1,0.80,1
MtDew,25.95,5.5,-16.3,0,0,1,0,1,1,1,0.80,1
MtDew,27.75,5.5,-16.3,0,0,1,0,1,1,1,0.80,1
MtDew,6.3,7.5,-16.3,0,0,1,0,1,1,1,0.80,1
MtDew,8.1,7.5,-16.3,0,0,1,0,1,1,1,0.80,1
MtDew,9.9,7.5,-16.3,0,0,1,0,1,1,1,0.80,1
MtDew,12.25,7.5,-16.3,0,0,1,0,1,1,1,0.80,1
MtDew,14.05,7.5,-16.3,0,0,1,0,1,1,1,0.80,1
MtDew,15.85,7.5,-16.3,0,0,1,0,1,1,1,0.80,1
MtDew,18.2,7.5,-16.3,0,0,1,0,1,1,1,0.80,1
MtDew,20,7.5,-16.3,0,0,1,0,1,1,1,0.80,1
MtDew,21.8,7.5,-16.3,0,0,1,0,1,1,1,0.80,1
MtDew,24.15,7.5,-16.3,0,0,1,0,1,1,1,0.80,1
MtDew,25.95,7.5,-16.3,0,0,1,0,1,1,1,0.80,1
MtDew,27.75,7.5,-16.3,0,0,1,0,1,1,1,0.80,1
Reditos,-61.6,3.4,-13.3,0,0,1,0,1,1,1,0.80,1
Reditos,-59.8,3.4,-13.3,0,0,1,0,1,1,1,0.80,1
Reditos,-58,3.4,-13.3,0,0,1,0,1,1,1,0.80,1
Reditos,-55.65,3.4,-13.3,0,0,1,0,1,1,1,0.80,1
Reditos,-53.85,3.4,-13.3,0,0,1,0,1,1,1,0.80,1
Reditos,-52.05,3.4,-13.3,0,0,1,0,1,1,1,0.80,1
Reditos,-49.7,3.4,-13.3,0,0,1,0,1,1,1,0.80,1
Reditos,-47.9,3.4,-13.3,0,0,1,0,1,1,1,0.80,1
Reditos,-46.1,3.4,-13.3,0,0,1,0,1,1,1,0.80,1
Reditos,-43.75,3.4,-13.3,0,0,1,0,1,1,1,0.80,1
Reditos,-41.95,3.4,-13.3,0,0,1,0,1,1,1,0.80,1
Reditos,-40.15,3.4,-13.3,0,0,1,0,1,1,1,0.80,1
Reditos,-61.64,5.4,-13.3,0,0,1,0,1,1,1,0.80,1
Reditos,-59.8,5.4,-13.3,0,0,1,0,1,1,1,0.80,1
Reditos,-58,5.4,-13.3,0,0,1,0,1,1,1,0.80,1
Reditos,-55.65,5.4,-13.3,0,0,1,0,1,1,1,0.80,1
Reditos,-53.85,5.4,-13.3,0,0,1,0,1,1,1,0.80,1
Reditos,-52.05,5.4,-13.3,0,0,1,0,1,1,1,0.80,1
Reditos,-49.75,5.4,-13.3,0,0,1,0,1,1,1,0.80,1
Reditos,-47.95,5.4,-13.3,0,0,1,0,1,1,1,0.80,1
Reditos,-46.15,5.4,-13.3,0,0,1,0,1,1,1,0.80,1
Reditos,-43.75,5.4,-13.3,0,0,1,0,1,1,1,0.80,1
Reditos,-41.95,5.4,-13.3,0,0,1,0,1,1,1,0.80,1
Reditos,-40.15,5.4,-13.3,0,0,1,0,1,1,1,0.80,1
Reditos,-61.64,7.3,-13.3,0,0,1,0,1,1,1,0.80,1
Reditos,-59.8,7.3,-13.3,0,0,1,0,1,1,1,0.80,1
Reditos,-58,7.3,-13.3,0,0,1,0,1,1,1,0.80,1
Reditos,-55.65,7.3,-13.3,0,0,1,0,1,1,1,0.80,1
Reditos,-53.85,7.3,-13.3,0,0,1,0,1,1,1,0.80,1
Reditos,-52.05,7.3,-13.3,0,0,1,0,1,1,1,0.80,1
Reditos,-49.75,7.3,-13.3,0,0,1,0,1,1,1,0.80,1
Reditos,-47.95,7.3,-13.3,0,0,1,0,1,1,1,0.80,1
Reditos,-46.15,7.3,-13.3,0,0,1,0,1,1,1,0.80,1
Reditos,-43.75,7.3,-13.3,0,0,1,0,1,1,1,0.80,1
Reditos,-41.95,7.3,-13.3,0,0,1,0,1,1,1,0.80,1
Reditos,-40.15,7.3,-13.3,0,0,1,0,1,1,1,0.80,1
Dewitos,-27.85,3.6,-13.3,0,0,1,0,1,1,1,0.80,1
Dewitos,-26.05,3.6,-13.3,0,0,1,0,1,1,1,0.80,1
Dewitos,-24.2,3.6,-13.3,0,0,1,0,1,1,1,0.80,1
Dewitos,-21.85,3.6,-13.3,0,0,1,0,1,1,1,0.80,1
Dewitos,-20.05,3.6,-13.3,0,0,1,0,1,1,1,0.80,1
Dewitos,-18.25,3.6,-13.3,0,0,1,0,1,1,1,0.80,1
Dewitos,-15.9,3.6,-13.3,0,0,1,0,1,1,1,0.80,1
Dewitos,-14.1,3.6,-13.3,0,0,1,0,1,1,1,0.80,1
Dewitos,-12.2,3.6,-13.3,0,0,1,0,1,1,1,0.80,1
Dewitos,-9.85,3.6,-13.3,0,0,1,0,1,1,1,0.80,1
Dewitos,-8.05,3.6,-13.3,0,0,1,0,1,1,1,0.80,1
Dewitos,-6.25,3.6,-13.3,0,0,1,0,1,1,1,0.80,1
Dewitos,-27.85,5.4,-13.3,0,0,1,0,1,1,1,0.80,1
Dewitos,-26.05,5.4,-13.3,0,0,1,0,1,1,1,0.80,1
Dewitos,-24.2,5.4,-13.3,0,0,1,0,1,1,1,0.80,1
Dewitos,-21.85,5.4,-13.3,0,0,1,0,1,1,1,0.80,1
Dewitos,-20.05,5.4,-13.3,0,0,1,0,1,1,1,0.80,1
Dewitos,-18.25,5.4,-13.3,0,0,1,0,1,1,1,0.80,1
Dewitos,-15.9,5.4,-13.3,0,0,1,0,1,1,1,0.80,1
Dewitos,-14.1,5.4,-13.3,0,0,1,0,1,1,1,0.80,1
Dewitos,-12.2,5.4,-13.3,0,0,1,0,1,1,1,0.80,1
Dewitos,-9.85,5.4,-13.3,0,0,1,0,1,1,1,0.80,1
Dewitos,-8.05,5.4,-13.3,0,0,1,0,1,1,1,0.80,1
Dewitos,-6.25,5.4,-13.3,0,0,1,0,1,1,1,0.80,1
Dewitos,-27.85,7.35,-13.3,0,0,1,0,1,1,1,0.80,1
Dewitos,-26.05,7.35,-13.3,0,0,1,0,1,1,1,0.80,1
Dewitos,-24.2,7.35,-13.3,0,0,1,0,1,1,1,0.80,1
Dewitos,-21.85,7.35,-13.3,0,0,1,0,1,1,1,0.80,1
Dewitos,-20.05,7.35,-13.3,0,0,1,0,1,1,1,0.80,1
Dewitos,-18.25,7.35,-13.3,0,0,1,0,1,1,1,0.80,1
Dewitos,-15.9,7.35,-13.3,0,0,1,0,1,1,1,0.80,1
Dewitos,-14.1,7.35,-13.3,0,0,1,0,1,1,1,0.80,1
Dewitos,-12.2,7.35,-13.3,0,0,1,0,1,1,1,0.80,1
Dewitos,-9.85,7.35,-13.3,0,0,1,0,1,1,1,0.80,1
Dewitos,-8.05,7.35,-13.3,0,0,1,0,1,1,1,0.80,1
Dewitos,-6.25,7.35,-13.3,0,0,1,0,1,1,1,0.80,1
Lays,6.3,3.8,-13.3,90,1,0,0,1,1,1,0.80,1
Lays,8.1,3.8,-13.3,90,1,0,0,1,1,1,0.80,1
Lays,9.9,3.8,-13.3,90,1,0,0,1,1,1,0.80,1
Lays,12.25,3.9,-13.3,90,1,0,0,1,1,1,0.80,1
Lays,14.05,3.9,-13.3,90,1,0,0,1,1,1,0.80,1
Lays,15.85,3.9,-13.3,90,1,0,0,1,1,1,0.80,1
Lays,18.2,3.9,-13.3,90,1,0,0,1,1,1,0.80,1
Lays,20,3.9,-13.3,90,1,0,0,1,1,1,0.80,1
Lays,21.8,3.9,-13.3,90,1,0,0,1,1,1,0.80,1
Lays,24.15,3.9,-13.3,90,1,0,0,1,1,1,0.80,1
Lays,25.95,3.9,-13.3,90,1,0,0,1,1,1,0.80,1
Lays,27.75,3.9,-13.3,90,1,0,0,1,1,1,0.80,1
Lays,6.3,5.8,-13.3,90,1,0,0,1,1,1,0.80,1
Lays,8.1,5.8,-13.3,90,1,0,0,1,1,1,0.80,1
Lays,9.9,5.8,-13.3,90,1,0,0,1,1,1,0.80,1
Lays,12.25,5.8,-13.3,90,1,0,0,1,1,1,0.80,1
Lays,14.05,5.8,-13.3,90,1,0,0,1,1,1,0.80,1
Lays,15.85,5.8,-13.3,90,1,0,0,1,1,1,0.80,1
Lays,18.2,5.8,-13.3,90,1,0,0,1,1,1,0.80,1
Lays,20,5.8,-13.3,90,1,0,0,1,1,1,0.80,1
Lays,21.8,5.8,-13.3,90,1,0,0,1,1,1,0.80,1
Lays,24.15,5.8,-13.3,90,1,0,0,1,1,1,0.80,1
Lays,25.95,5.8,-13.3,90,1,0,0,1,1,1,0.80,1
Lays,27.75,5.8,-13.3,90,1,0,0,1,1,1,0.80,1
Lays,6.3,7.8,-13.3,90,1,0,0,1,1,1,0.80,1
Lays,8.1,7.8,-13.3,90,1,0,0,1,1,1,0.80,1
Lays,9.9,7.8,-13.3,90,1,0,0,1,1,1,0.80,1
Lays,12.25,7.8,-13.3,90,1,0,0,1,1,1,0.80,1
Lays,14.05,7.8,-13.3,90,1,0,0,1,1,1,0.80,1
Lays,15.85,7.8,-13.3,90,1,0,0,1,1,1,0.80,1
Lays,18.2,7.8,-13.3,90,1,0,0,1,1,1,0.80,1
Lays,20,7.8,-13.3,90,1,0,0,1,1,1,0.80,1
Lays,21.8,7.8,-13.3,90,1,0,0,1,1,1,0.80,1
Lays,24.15,7.8,-13.3,90,1,0,0,1,1,1,0.80,1
Lays,25.95,7.8,-13.3,90,1,0,0,1,1,1,0.80,1
Lays,27.75,7.8,-13.3,90,1,0,0,1,1,1,0.80,1
Cactus,-61.6,3.5,-1.4,180,0,1,0,1,1,1,0.80,1
Cactus,-59.8,3.5,-1.4,180,0,1,0,1,1,1,0.80,1
Cactus,-58,3.5,-1.4,180,0,1,0,1,1,1,0.80,1
Cactus,-55.65,3.5,-1.4,180,0,1,0,1,1,1,0.80,1
Cactus,-53.85,3.5,-1.4,180,0,1,0,1,1,1,0.80,1
Cactus,-52.05,3.5,-1.4,180,0,1,0,1,1,1,0.80,1
Cactus,-49.7,3.5,-1.4,180,0,1,0,1,1,1,0.80,1
Cactus,-47.9,3.5,-1.4,180,0,1,0,1,1,1,0.80,1
Cactus,-46.1,3.5,-1.4,180,0,1,0,1,1,1,0.80,1
Cactus,-43.75,3.5,-1.4,180,0,1,0,1,1,1,0.80,1
Cactus,-41.95,3.5,-1.4,180,0,1,0,1,1,1,0.80,1
Cactus,-40.15,3.5,-1.4,180,0,1,0,1,1,1,0.80,1
Cactus,-61.64,5.5,-1.4,180,0,1,0,1,1,1,0.80,1
Cactus,-59.8,5.4,-1.4,180,0,1,0,1,1,1,0.80,1
Cactus,-58,5.4,-1.4,180,0,1,0,1,1,1,0.80,1
Cactus,-55.65,5.4,-1.4,180,0,1,0,1,1,1,0.80,1
Cactus,-53.85,5.4,-1.4,180,0,1,0,1,1,1,0.80,1
Cactus,-52.05,5.4,-1.4,180,0,1,0,1,1,1,0.80,1
Cactus,-49.75,5.4,-1.4,180,0,1,0,1,1,1,0.80,1
Cactus,-47.95,5.4,-1.4,180,0,1,0,1,1,1,0.80,1
Cactus,-46.15,5.4,-1.4,180,0,1,0,1,1,1,0.80,1
Cactus,-43.75,5.4,-1.4,180,0,1,0,1,1,1,0.80,1
Cactus,-41.95,5.4,-1.4,180,0,1,0,1,1,1,0.80,1
Cactus,-40.15,5.4,-1.4,180,0,1,0,1,1,1,0.80,1
Cactus,-61.64,7.3,-1.4,180,0,1,0,1,1,1,0.80,1
Cactus,-59.8,7.3,-1.4,180,0,1,0,1,1,1,0.80,1
Cactus,-58,7.3,-1.4,180,0,1,0,1,1,1,0.80,1
Cactus,-55.65,7.3,-1.4,180,0,1,0,1,1,1,0.80,1
Cactus,-53.85,7.3,-1.4,180,0,1,0,1,1,1,0.80,1
Cactus,-52.05,7.3,-1.4,180,0,1,0,1,1,1,0.80,1
Cactus,-49.75,7.3,-1.4,180,0,1,0,1,1,1,0.80,1
Cactus,-47.95,7.3,-1.4,180,0,1,0,1,1,1,0.80,1
Cactus,-46.15,7.3,-1.4,180,0,1,0,1,1,1,0.80,1
Cactus,-43.75,7.3,-1.4,180,0,1,0,1,1,1,0.80,1
Cactus,-41.95,7.3,-1.4,180,0,1,0,1,1,1,0.80,1
Cactus,-40.15,7.3,-1.4,180,0,1,0,1,1,1,0.80,1
Vegcan,-27.85,3.2,-1.4,180,0,1,0,1,1,1,0.80,1
Vegcan,-26.05,3.2,-1.4,180,0,1,0,1,1,1,0.80,1
Vegcan,-24.2,3.2,-1.4,180,0,1,0,1,1,1,0.80,1
Vegcan,-21.85,3.2,-1.4,180,0,1,0,1,1,1,0.80,1
Vegcan,-20.05,3.2,-1.4,180,0,1,0,1,1,1,0.80,1
Vegcan,-18.25,3.2,-1.4,180,0,1,0,1,1,1,0.80,1
Vegcan,-15.9,3.2,-1.4,180,0,1,0,1,1,1,0.80,1
Vegcan,-14.1,3.2,-1.4,180,0,1,0,1,1,1,0.80,1
Vegcan,-12.2,3.2,-1.4,180,0,1,0,1,1,1,0.80,1
Vegcan,-9.85,3.2,-1.4,180,0,1,0,1,1,1,0.80,1
Vegcan,-8.05,3.2,-1.4,180,0,1,0,1,1,1,0.80,1
Vegcan,-6.25,3.2,-1.4,180,0,1,0,1,1,1,0.80,1
Vegcan,-27.85,5.1,-1.4,180,0,1,0,1,1,1,0.80,1
Vegcan,-26.05,5.1,-1.4,180,0,1,0,1,1,1,0.80,1
Vegcan,-24.2,5.1,-1.4,180,0,1,0,1,1,1,0.80,1
Vegcan,-21.85,5.1,-1.4,180,0,1,0,1,1,1,0.80,1
Vegcan,-20.05,5.1,-1.4,180,0,1,0,1,1,1,0.80,1
Vegcan,-18.25,5.1,-1.4,180,0,1,0,1,1,1,0.80,1
Vegcan,-15.9,5.1,-1.4,180,0,1,0,1,1,1,0.80,1
Vegcan,-14.1,5.1,-1.4,180,0,1,0,1,1,1,0.80,1
Vegcan,-12.2,5.1,-1.4,180,0,1,0,1,1,1,0.80,1
Vegcan,-9.85,5.1,-1.4,180,0,1,0,1,1,1,0.80,1
Vegcan,-8.05,5.1,-1.4,180,0,1,0,1,1,1,0.80,1
Vegcan,-6.25,5.1,-1.4,180,0,1,0,1,1,1,0.80,1
Vegcan,-27.85,7,-1.4,180,0,1,0,1,1,1,0.80,1
Vegcan,-26.05,7,-1.4,180,0,1,0,1,1,1,0.80,1
Vegcan,-24.2,7,-1.4,180,0,1,0,1,1,1,0.80,1
Vegcan,-21.85,7,-1.4,180,0,1,0,1,1,1,0.80,1
Vegcan,-20.05,7,-1.4,180,0,1,0,1,1,1,0.80,1
Vegcan,-18.25,7,-1.4,180,0,1,0,1,1,1,0.80,1
Vegcan,-15.9,7,-1.4,180,0,1,0,1,1,1,0.80,1
Vegcan,-14.1,7,-1.4,180,0,1,0,1,1,1,0.80,1
Vegcan,-12.2,7,-1.4,180,0,1,0,1,1,1,0.80,1
Vegcan,-9.85,7,-1.4,180,0,1,0,1,1,1,0.80,1
Vegcan,-8.05,7,-1.4,180,0,1,0,1,1,1,0.80,1
Vegcan,-6.25,7,-1.4,180,0,1,0,1,1,1,0.80,1
PCan,6.3,3.6,-1.4,0,0,1,0,1,1,1,0.80,1
PCan,8.1,3.6,-1.4,0,0,1,0,1,1,1,0.80,1
PCan,9.9,3.6,-1.4,0,0,1,0,1,1,1,0.80,1
PCan,12.25,3.6,-1.4,0,0,1,0,1,1,1,0.80,1
PCan,14.05,3.6,-1.4,0,0,1,0,1,1,1,0.80,1
PCan,15.85,3.6,-1.4,0,0,1,0,1,1,1,0.80,1
PCan,18.2,3.6,-1.4,0,0,1,0,1,1,1,0.80,1
PCan,20,3.6,-1.4,0,0,1,0,1,1,1,0.80,1
PCan,21.8,3.6,-1.4,0,0,1,0,1,1,1,0.80,1
PCan,24.15,3.6,-1.4,0,0,1,0,1,1,1,0.80,1
PCan,25.95,3.6,-1.4,0,0,1,0,1,1,1,0.80,1
PCan,27.75,3.6,-1.4,0,0,1,0,1,1,1,0.80,1
PCan,6.3,5.5,-1.4,0,0,1,0,1,1,1,0.80,1
PCan,8.1,5.5,-1.4,0,0,1,0,1,1,1,0.80,1
PCan,9.9,5.5,-1.4,0,0,1,0,1,1,1,0.80,1
PCan,12.25,5.5,-1.4,0,0,1,0,1,1,1,0.80,1
PCan,14.05,5.5,-1.4,0,0,1,0,1,1,1,0.80,1
PCan,15.85,5.5,-1.4,0,0,1,0,1,1,1,0.80,1
PCan,18.2,5.5,-1.4,0,0,1,0,1,1,1,0.80,1
PCan,20,5.5,-1.4,0,0,1,0,1,1,1,0.80,1
PCan,21.8,5.5,-1.4,0,0,1,0,1,1,1,0.80,1
PCan,24.15,5.5,-1.4,0,0,1,0,1,1,1,0.80,1
PCan,25.95,5.5,-1.4,0,0,1,0,1,1,1,0.80,1
PCan,27.75,5.5,-1.4,0,0,1,0,1,1,1,0.80,1
PCan,6.3,7.4,-1.4,0,0,1,0,1,1,1,0.80,1
PCan,8.1,7.4,-1.4,0,0,1,0,1,1,1,0.80,1
PCan,9.9,7.4,-1.4,0,0,1,0,1,1,1,0.80,1
PCan,12.25,7.4,-1.4,0,0,1,0,1,1,1,0.80,1
PCan,14.05,7.4,-1.4,0,0,1,0,1,1,1,0.80,1
PCan,15.85,7.4,-1.4,0,0,1,0,1,1,1,0.80,1
PCan,18.2,7.4,-1.4,0,0,1,0,1,1,1,0.80,1
PCan,20,7.4,-1.4,0,0,1,0,1,1,1,0.80,1
PCan,21.8,7.4,-1.4,0,0,1,0,1,1,1,0.80,1
PCan,24.15,7.4,-1.4,0,0,1,0,1,1,1,0.80,1
PCan,25.95,7.4,-1.4,0,0,1,0,1,1,1,0.80,1
PCan,27.75,7.4,-1.4,0,0,1,0,1,1,1,0.80,1
Cereal1,-61.6,3.2,1.7,0,0,1,0,1,1,1,0.80,1
Cereal1,-59.8,3.2,1.7,0,0,1,0,1,1,1,0.80,1
Cereal1,-58,3.2,1.7,0,0,1,0,1,1,1,0.80,1
Cereal1,-55.65,3.2,1.7,0,0,1,0,1,1,1,0.80,1
Cereal1,-53.85,3.2,1.7,0,0,1,0,1,1,1,0.80,1
Cereal1,-52.05,3.2,1.7,0,0,1,0,1,1,1,0.80,1
Cereal1,-49.7,3.2,1.7,0,0,1,0,1,1,1,0.80,1
Cereal1,-47.9,3.2,1.7,0,0,1,0,1,1,1,0.80,1
Cereal1,-46.1,3.2,1.7,0,0,1,0,1,1,1,0.80,1
Cereal1,-43.75,3.2,1.7,0,0,1,0,1,1,1,0.80,1
Cereal1,-41.95,3.2,1.7,0,0,1,0,1,1,1,0.80,1
Cereal1,-40.15,3.2,1.7,0,0,1,0,1,1,1,0.80,1
Cereal1,-61.64,5.2,1.7,0,0,1,0,1,1,1,0.80,1
Cereal1,-59.8,5.2,1.7,0,0,1,0,1,1,1,0.80,1
Cereal1,-58,5.2,1.7,0,0,1,0,1,1,1,0.80,1
Cereal1,-55.65,5.2,1.7,0,0,1,0,1,1,1,0.80,1
Cereal1,-53.85,5.2,1.7,0,0,1,0,1,1,1,0.80,1
Cereal1,-52.05,5.2,1.7,0,0,1,0,1,1,1,0.80,1
Cereal1,-49.75,5.2,1.7,0,0,1,0,1,1,1,0.80,1
Cereal1,-47.95,5.2,1.7,0,0,1,0,1,1,1,0.80,1
Cereal1,-46.15,5.2,1.7,0,0,1,0,1,1,1,0.80,1
Cereal1,-43.75,5.2,1.7,0,0,1,0,1,1,1,0.80,1
Cereal1,-41.95,5.2,1.7,0,0,1,0,1,1,1,0.80,1
Cereal1,-40.15,5.2,1.7,0,0,1,0,1,1,1,0.80,1
Cereal1,-61.64,7.1,1.7,0,0,1,0,1,1,1,0.80,1
Cereal1,-59.8,7.1,1.7,0,0,1,0,1,1,1,0.80,1
Cereal1,-58,7.1,1.7,0,0,1,0,1,1,1,0.80,1
Cereal1,-55.65,7.1,1.7,0,0,1,0,1,1,1,0.80,1
Cereal1,-53.85,7.1,1.7,0,0,1,0,1,1,1,0.80,1
Cereal1,-52.05,7.1,1.7,0,0,1,0,1,1,1,0.80,1
Cereal1,-49.75,7.1,1.7,0,0,1,0,1,1,1,0.80,1
Cereal1,-47.95,7.1,1.7,0,0,1,0,1,1,1,0.80,1
Cereal1,-46.15,7.1,1.7,0,0,1,0,1,1,1,0.80,1
Cereal1,-43.75,7.1,1.7,0,0,1,0,1,1,1,0.80,1
Cereal1,-41.95,7.1,1.7,0,0,1,0,1,1,1,0.80,1
Cereal1,-40.15,7.1,1.7,0,0,1,0,1,1,1,0.80,1
Cereal2,-27.85,3.9,1.7,-90,0,1,0,1,1,1,0.80,1
Cereal2,-26.05,3.9,1.7,-90,0,1,0,1,1,1,0.80,1
Cereal2,-24.2,3.9,1.7,-90,0,1,0,1,1,1,0.80,1
Cereal2,-21.85,3.9,1.7,-90,0,1,0,1,1,1,0.80,1
Cereal2,-20.05,3.9,1.7,-90,0,1,0,1,1,1,0.80,1
Cereal2,-18.25,3.9,1.7,-90,0,1,0,1,1,1,0.80,1
Cereal2,-15.9,3.9,1.7,-90,0,1,0,1,1,1,0.80,1
Cereal2,-14.1,3.9,1.7,-90,0,1,0,1,1,1,0.80,1
Cereal2,-12.2,3.9,1.7,-90,0,1,0,1,1,1,0.80,1
Cereal2,-9.85,3.9,1.7,-90,0,1,0,1,1,1,0.80,1
Cereal2,-8.05,3.9,1.7,-90,0,1,0,1,1,1,0.80,1
Cereal2,-6.25,3.9,1.7,-90,0,1,0,1,1,1,0.80,1
Cereal2,-27.85,5.7,1.7,-90,0,1,0,1,1,1,0.80,1
Cereal2,-26.05,5.7,1.7,-90,0,1,0,1,1,1,0.80,1
Cereal2,-24.2,5.7,1.7,-90,0,1,0,1,1,1,0.80,1
Cereal2,-21.85,5.7,1.7,-90,0,1,0,1,1,1,0.80,1
Cereal2,-20.05,5.7,1.7,-90,0,1,0,1,1,1,0.80,1
Cereal2,-18.25,5.7,1.7,-90,0,1,0,1,1,1,0.80,1
Cereal2,-15.9,5.7,1.7,-90,0,1,0,1,1,1,0.80,1
Cereal2,-14.1,5.7,1.7,-90,0,1,0,1,1,1,0.80,1
Cereal2,-12.2,5.7,1.7,-90,0,1,0,1,1,1,0.80,1
Cereal2,-9.85,5.7,1.7,-90,0,1,0,1,1,1,0.80,1
Cereal2,-8.05,5.7,1.7,-90,0,1,0,1,1,1,0.80,1
Cereal2,-6.25,5.7,1.7,-90,0,1,0,1,1,1,0.80,1
Cereal2,-27.85,7.7,1.7,-90,0,1,0,1,1,1,0.80,1
Cereal2,-26.05,7.7,1.7,-90,0,1,0,1,1,1,0.80,1
Cereal2,-24.2,7.7,1.7,-90,0,1,0,1,1,1,0.80,1
Cereal2,-21.85,7.7,1.7,-90,0,1,0,1,1,1,0.80,1
Cereal2,-20.05,7.7,1.7,-90,0,1,0,1,1,1,0.80,1
Cereal2,-18.25,7.7,1.7,-90,0,1,0,1,1,1,0.80,1
Cereal2,-15.9,7.7,1.7,-90,0,1,0,1,1,1,0.80,1
Cereal2,-14.1,7.7,1.7,-90,0,1,0,1,1,1,0.80,1
Cereal2,-12.2,7.7,1.7,-90,0,1,0,1,1,1,0.80,1
Cereal2,-9.85,7.7,1.7,-90,0,1,0,1,1,1,0.80,1
Cereal2,-8.05,7.7,1.7,-90,0,1,0,1,1,1,0.80,1
Cereal2,-6.25,7.7,1.7,-90,0,1,0,1,1,1,0.80,1
Cereal3,6.3,3.7,1.7,0,1,0,0,1,1,1,0.80,1
Cereal3,8.1,3.7,1.7,0,1,0,0,1,1,1,0.80,1
Cereal3,9.9,3.7,1.7,0,1,0,0,1,1,1,0.80,1
Cereal3,12.25,3.7,1.7,0,1,0,0,1,1,1,0.80,1
Cereal3,14.05,3.7,1.7,0,1,0,0,1,1,1,0.80,1
Cereal3,15.85,3.7,1.7,0,1,0,0,1,1,1,0.80,1
Cereal3,18.2,3.7,1.7,0,1,0,0,1,1,1,0.80,1
Cereal3,20,3.7,1.7,0,1,0,0,1,1,1,0.80,1
Cereal3,21.8,3.7,1.7,0,1,0,0,1,1,1,0.80,1
Cereal3,24.15,3.7,1.7,0,1,0,0,1,1,1,0.80,1
Cereal3,25.95,3.7,1.7,0,1,0,0,1,1,1,0.80,1
Cereal3,27.75,3.7,1.7,0,1,0,0,1,1,1,0.80,1
Cereal3,6.3,5.7,1.7,0,1,0,0,1,1,1,0.80,1
Cereal3,8.1,5.7,1.7,0,1,0,0,1,1,1,0.80,1
Cereal3,9.9,5.7,1.7,0,1,0,0,1,1,1,0.80,1
Cereal3,12.25,5.7,1.7,0,1,0,0,1,1,1,0.80,1
Cereal3,14.05,5.7,1.7,0,1,0,0,1,1,1,0.80,1
Cereal3,15.85,5.7,1.7,0,1,0,0,1,1,1,0.80,1
Cereal3,18.2,5.7,1.7,0,1,0,0,1,1,1,0.80,1
Cereal3,20,5.7,1.7,0,1,0,0,1,1,1,0.80,1
Cereal3,21.8,5.7,1.7,0,1,0,0,1,1,1,0.80,1
Cereal3,24.15,5.7,1.7,0,1,0,0,1,1,1,0.80,1
Cereal3,25.95,5.7,1.7,0,1,0,0,1,1,1,0.80,1
Cereal3,27.75,5.7,1.7,0,1,0,0,1,1,1,0.80,1
Cereal3,6.3,7.7,1.7,0,1,0,0,1,1,1,0.80,1
Cereal3,8.1,7.7,1.7,0,1,0,0,1,1,1,0.80,1
Cereal3,9.9,7.7,1.7,0,1,0,0,1,1,1,0.80,1
Cereal3,12.25,7.7,1.7,0,1,0,0,1,1,1,0.80,1
Cereal3,14.05,7.7,1.7,0,1,0,0,1,1,1,0.80,1
Cereal3,15.85,7.7,1.7,0,1,0,0,1,1,1,0.80,1
Cereal3,18.2,7.7,1.7,0,1,0,0,1,1,1,0.80,1
Cereal3,20,7.7,1.7,0,1,0,0,1,1,1,0.80,1
Cereal3,21.8,7.7,1.7,0,1,0,0,1,1,1,0.80,1
Cereal3,24.15,7.7,1.7,0,1,0,0,1,1,1,0.80,1
Cereal3,25.95,7.7,1.7,0,1,0,0,1,1,1,0.80,1
Cereal3,27.75,7.7,1.7,0,1,0,0,1,1,1,0.80,1
Pistol,-27.85,3.6,13.4,180,0,1,0,1,1,1,0.80,1
Pistol,-26.05,3.6,13.4,180,0,1,0,1,1,1,0.80,1
Pistol,-24.2,3.6,13.4,180,0,1,0,1,1,1,0.80,1
Pistol,-21.85,3.6,13.4,180,0,1,0,1,1,1,0.80,1
Pistol,-20.05,3.6,13.4,180,0,1,0,1,1,1,0.80,1
Pistol,-18.25,3.6,13.4,180,0,1,0,1,1,1,0.80,1
Pistol,-15.9,3.6,13.4,180,0,1,0,1,1,1,0.80,1
Pistol,-14.1,3.6,13.4,180,0,1,0,1,1,1,0.80,1
Pistol,-12.2,3.6,13.4,180,0,1,0,1,1,1,0.80,1
Pistol,-9.85,3.6,13.4,180,0,1,0,1,1,1,0.80,1
Pistol,-8.05,3.6,13.4,180,0,1,0,1,1,1,0.80,1
Pistol,-6.25,3.6,13.4,180,0,1,0,1,1,1,0.80,1
Pistol,-27.85,5.6,13.4,180,0,1,0,1,1,1,0.80,1
Pistol,-26.05,5.6,13.4,180,0,1,0,1,1,1,0.80,1
Pistol,-24.2,5.6,13.4,180,0,1,0,1,1,1,0.80,1
Pistol,-21.85,5.6,13.4,180,0,1,0,1,1,1,0.80,1
Pistol,-20.05,5.6,13.4,180,0,1,0,1,1,1,0.80,1
Pistol,-18.25,5.6,13.4,180,0,1,0,1,1,1,0.80,1
Pistol,-15.9,5.6,13.4,180,0,1,0,1,1,1,0.80,1
Pistol,-14.1,5.6,13.4,180,0,1,0,1,1,1,0.80,1
Pistol,-12.2,5.6,13.4,180,0,1,0,1,1,1,0.80,1
Pistol,-9.85,5.6,13.4,180,0,1,0,1,1,1,0.80,1
Pistol,-8.05,5.6,13.4,180,0,1,0,1,1,1,0.80,1
Pistol,-6.25,5.6,13.4,180,0,1,0,1,1,1,0.80,1
Pistol,-27.85,7.5,13.4,180,0,1,0,1,1,1,0.80,1
Pistol,-26.05,7.5,13.4,180,0,1,0,1,1,1,0.80,1
Pistol,-24.2,7.5,13.4,180,0,1,0,1,1,1,0.80,1
Pistol,-21.85,7.5,13.4,180,0,1,0,1,1,1,0.80,1
Pistol,-20.05,7.5,13.4,180,0,1,0,1,1,1,0.80,1
Pistol,-18.25,7.5,13.4,180,0,1,0,1,1,1,0.80,1
Pistol,-15.9,7.5,13.4,180,0,1,0,1,1,1,0.80,1
Pistol,-14.1,7.5,13.4,180,0,1,0,1,1,1,0.80,1
Pistol,-12.2,7.5,13.4,180,0,1,0,1,1,1,0.80,1
Pistol,-9.85,7.5,13.4,180,0,1,0,1,1,1,0.80,1
Pistol,-8.05,7.5,13.4,180,0,1,0,1,1,1,0.80,1
Pistol,-6.25,7.5,13.4,180,0,1,0,1,1,1,0.80,1
Rifle,-61.6,3.6,13.4,180,0,1,0,1,1,1,0.80,1
Rifle,-59.8,3.6,13.4,180,0,1,0,1,1,1,0.80,1
Rifle,-58,3.6,13.4,180,0,1,0,1,1,1,0.80,1
Rifle,-55.65,3.6,13.4,180,0,1,0,1,1,1,0.80,1
Rifle,-53.85,3.6,13.4,180,0,1,0,1,1,1,0.80,1
Rifle,-52.05,3.6,13.4,180,0,1,0,1,1,1,0.80,1
Rifle,-49.7,3.6,13.4,180,0,1,0,1,1,1,0.80,1
Rifle,-47.9,3.6,13.4,180,0,1,0,1,1,1,0.80,1
Rifle,-46.1,3.6,13.4,180,0,1,0,1,1,1,0.80,1
Rifle,-43.75,3.6,13.4,180,0,1,0,1,1,1,0.80,1
Rifle,-41.95,3.6,13.4,180,0,1,0,1,1,1,0.80,1
Rifle,-40.15,3.6,13.4,180,0,1,0,1,1,1,0.80,1
Rifle,-61.64,5.6,13.4,180,0,1,0,1,1,1,0.80,1
Rifle,-59.8,5.6,13.4,180,0,1,0,1,1,1,0.80,1
Rifle,-58,5.6,13.4,180,0,1,0,1,1,1,0.80,1
Rifle,-55.65,5.6,13.4,180,0,1,0,1,1,1,0.80,1
Rifle,-53.85,5.6,13.4,180,0,1,0,1,1,1,0.80,1
Rifle,-52.05,5.6,13.4,180,0,1,0,1,1,1,0.80,1
Rifle,-49.75,5.6,13.4,180,0,1,0,1,1,1,0.80,1
Rifle,-47.95,5.6,13.4,180,0,1,0,1,1,1,0.80,1
Rifle,-46.15,5.6,13.4,180,0,1,0,1,1,1,0.80,1
Rifle,-43.75,5.6,13.4,180,0,1,0,1,1,1,0.80,1
Rifle,-41.95,5.6,13.4,180,0,1,0,1,1,1,0.80,1
Rifle,-40.15,5.6,13.4,180,0,1,0,1,1,1,0.80,1
Rifle,-61.64,7.5,13.4,180,0,1,0,1,1,1,0.80,1
Rifle,-59.8,7.5,13.4,180,0,1,0,1,1,1,0.80,1
Rifle,-58,7.5,13.4,180,0,1,0,1,1,1,0.80,1
Rifle,-55.65,7.5,13.4,180,0,1,0,1,1,1,0.80,1
Rifle,-53.85,7.5,13.4,180,0,1,0,1,1,1,0.80,1
Rifle,-52.05,7.5,13.4,180,0,1,0,1,1,1,0.80,1
Rifle,-49.75,7.5,13.4,180,0,1,0,1,1,1,0.80,1
Rifle,-47.95,7.5,13.4,180,0,1,0,1,1,1,0.80,1
Rifle,-46.15,7.5,13.4,180,0,1,0,1,1,1,0.80,1
Rifle,-43.75,7.5,13.4,180,0,1,0,1,1,1,0.80,1
Rifle,-41.95,7.5,13.4,180,0,1,0,1,1,1,0.80,1
Rifle,-40.15,7.5,13.4,180,0,1,0,1,1,1,0.80,1
Milo,-61.6,3.7,16.6,0,0,1,0,1,1,1,0.80,1
Milo,-59.8,3.7,16.6,0,0,1,0,1,1,1,0.80,1
Milo,-58,3.7,16.6,0,0,1,0,1,1,1,0.80,1
Milo,-55.65,3.7,16.6,0,0,1,0,1,1,1,0.80,1
Milo,-53.85,3.7,16.6,0,0,1,0,1,1,1,0.80,1
Milo,-52.05,3.7,16.6,0,0,1,0,1,1,1,0.80,1
Milo,-49.7,3.7,16.6,0,0,1,0,1,1,1,0.80,1
Milo,-47.9,3.7,16.6,0,0,1,0,1,1,1,0.80,1
Milo,-46.1,3.7,16.6,0,0,1,0,1,1,1,0.80,1
Milo,-43.75,3.7,16.6,0,0,1,0,1,1,1,0.80,1
Milo,-41.95,3.7,16.6,0,0,1,0,1,1,1,0.80,1
Milo,-40.15,3.7,16.6,0,0,1,0,1,1,1,0.80,1
Milo,-61.64,5.65,16.6,0,0,1,0,1,1,1,0.80,1
Milo,-59.8,5.65,16.6,0,0,1,0,1,1,1,0.80,1
Milo,-58,5.65,16.6,0,0,1,0,1,1,1,0.80,1
Milo,-55.65,5.65,16.6,0,0,1,0,1,1,1,0.80,1
Milo,-53.85,5.65,16.6,0,0,1,0,1,1,1,0.80,1
Milo,-52.05,5.65,16.6,0,0,1,0,1,1,1,0.80,1
Milo,-49.75,5.65,16.6,0,0,1,0,1,1,1,0.80,1
Milo,-47.95,5.65,16.6,0,0,1,0,1,1,1,0.80,1
Milo,-46.15,5.65,16.6,0,0,1,0,1,1,1,0.80,1
Milo,-43.75,5.65,16.6,0,0,1,0,1,1,1,0.80,1
Milo,-41.95,5.65,16.6,0,0,1,0,1,1,1,0.80,1
Milo,-40.15,5.65,16.6,0,0,1,0,1,1,1,0.80,1
Milo,-61.64,7.6,16.6,0,0,1,0,1,1,1,0.80,1
Milo,-59.8,7.6,16.6,0,0,1,0,1,1,1,0.80,1
Milo,-58,7.6,16.6,0,0,1,0,1,1,1,0.80,1
Milo,-55.65,7.6,16.6,0,0,1,0,1,1,1,0.80,1
Milo,-53.85,7.6,16.6,0,0,1,0,1,1,1,0.80,1
Milo,-52.05,7.6,16.6,0,0,1,0,1,1,1,0.80,1
Milo,-49.75,7.6,16.6,0,0,1,0,1,1,1,0.80,1
Milo,-47.95,7.6,16.6,0,0,1,0,1,1,1,0.80,1
Milo,-46.15,7.6,16.6,0,0,1,0,1,1,1,0.80,1
Milo,-43.75,7.6,16.6,0,0,1,0,1,1,1,0.80,1
Milo,-41.95,7.6,16.6,0,0,1,0,1,1,1,0.80,1
Milo,-40.15,7.6,16.6,0,0,1,0,1,1,1,0.80,1
SardCan,-27.85,3.6,16.6,0,0,1,0,1,1,1,0.80,1
SardCan,-26.05,3.6,16.6,0,0,1,0,1,1,1,0.80,1
SardCan,-24.2,3.6,16.6,0,0,1,0,1,1,1,0.80,1
SardCan,-21.85,3.6,16.6,0,0,1,0,1,1,1,0.80,1
SardCan,-20.05,3.6,16.6,0,0,1,0,1,1,1,0.80,1
SardCan,-18.25,3.6,16.6,0,0,1,0,1,1,1,0.80,1
SardCan,-15.9,3.6,16.6,0,0,1,0,1,1,1,0.80,1
SardCan,-14.1,3.6,16.6,0,0,1,0,1,1,1,0.80,1
SardCan,-12.2,3.6,16.6,0,0,1,0,1,1,1,0.80,1
SardCan,-9.85,3.6,16.6,0,0,1,0,1,1,1,0.80,1
SardCan,-8.05,3.6,16.6,0,0,1,0,1,1,1,0.80,1
SardCan,-6.25,3.6,16.6,0,0,1,0,1,1,1,0.80,1
SardCan,-27.85,5.4,16.6,0,0,1,0,1,1,1,0.80,1
SardCan,-26.05,5.4,16.6,0,0,1,0,1,1,1,0.80,1
SardCan,-24.2,5.4,16.6,0,0,1,0,1,1,1,0.80,1
SardCan,-21.85,5.4,16.6,0,0,1,0,1,1,1,0.80,1
SardCan,-20.05,5.4,16.6,0,0,1,0,1,1,1,0.80,1
SardCan,-18.25,5.4,16.6,0,0,1,0,1,1,1,0.80,1
SardCan,-15.9,5.4,16.6,0,0,1,0,1,1,1,0.80,1
SardCan,-14.1,5.4,16.6,0,0,1,0,1,1,1,0.80,1
SardCan,-12.2,5.4,16.6,0,0,1,0,1,1,1,0.80,1
SardCan,-9.85,5.4,16.6,0,0,1,0,1,1,1,0.80,1
SardCan,-8.05,5.4,16.6,0,0,1,0,1,1,1,0.80,1
SardCan,-6.25,5.4,16.6,0,0,1,0,1,1,1,0.80,1
SardCan,-27.85,7.35,16.6,0,0,1,0,1,1,1,0.80,1
SardCan,-26.05,7.35,16.6,0,0,1,0,1,1,1,0.80,1
SardCan,-24.2,7.35,16.6,0,0,1,0,1,1,1,0.80,1
SardCan,-21.85,7.35,16.6,0,0,1,0,1,1,1,0.80,1
SardCan,-20.05,7.35,16.6,0,0,1,0,1,1,1,0.80,1
SardCan,-18.25,7.35,16.6,0,0,1,0,1,1,1,0.80,1
SardCan,-15.9,7.35,16.6,0,0,1,0,1,1,1,0.80,1
SardCan,-14.1,7.35,16.6,0,0,1,0,1,1,1,0.80,1
SardCan,-12.2,7.35,16.6,0,0,1,0,1,1,1,0.80,1
SardCan,-9.85,7.35,16.6,0,0,1,0,1,1,1,0.80,1
SardCan,-8.05,7.35,16.6,0,0,1,0,1,1,1,0.80,1
SardCan,-6.25,7.35,16.6,0,0,1,0,1,1,1,0.80,1
SoupCan,6.3,3.6,16.6,90,0,1,0,1,1,1,0.80,1
SoupCan,8.1,3.6,16.6,90,0,1,0,1,1,1,0.80,1
SoupCan,9.9,3.6,16.6,90,0,1,0,1,1,1,0.80,1
SoupCan,12.25,3.6,16.6,90,0,1,0,1,1,1,0.80,1
SoupCan,14.05,3.6,16.6,90,0,1,0,1,1,1,0.80,1
SoupCan,15.85,3.6,16.6,90,0,1,0,1,1,1,0.80,1
SoupCan,18.2,3.6,16.6,90,0,1,0,1,1,1,0.80,1
SoupCan,20,3.6,16.6,90,0,1,0,1,1,1,0.80,1
SoupCan,21.8,3.6,16.6,90,0,1,0,1,1,1,0.80,1
SoupCan,24.15,3.6,16.6,90,0,1,0,1,1,1,0.80,1
SoupCan,25.95,3.6,16.6,90,0,1,0,1,1,1,0.80,1
SoupCan,27.75,3.6,16.6,90,0,1,0,1,1,1,0.80,1
SoupCan,6.3,5.5,16.6,90,0,1,0,1,1,1,0.80,1
SoupCan,8.1,5.5,16.6,90,0,1,0,1,1,1,0.80,1
SoupCan,9.9,5.5,16.6,90,0,1,0,1,1,1,0.80,1
SoupCan,12.25,5.5,16.6,90,0,1,0,1,1,1,0.80,1
SoupCan,14.05,5.5,16.6,90,0,1,0,1,1,1,0.80,1
SoupCan,15.85,5.5,16.6,90,0,1,0,1,1,1,0.80,1
SoupCan,18.2,5.5,16.6,90,0,1,0,1,1,1,0.80,1
SoupCan,20,5.5,16.6,90,0,1,0,1,1,1,0.80,1
SoupCan,21.8,5.5,16.6,90,0,1,0,1,1,1,0.80,1
SoupCan,24.15,5.5,16.6,90,0,1,0,1,1,1,0.80,1
SoupCan,25.95,5.5,16.6,90,0,1,0,1,1,1,0.80,1
SoupCan,27.75,5.5,16.6,90,0,1,0,1,1,1,0.80,1
SoupCan,6.3,7.45,16.6,90,0,1,0,1,1,1,0.80,1
SoupCan,8.1,7.45,16.6,90,0,1,0,1,1,1,0.80,1
SoupCan,9.9,7.45,16.6,90,0,1,0,1,1,1,0.80,1
SoupCan,12.25,7.45,16.6,90,0,1,0,1,1,1,0.80,1
SoupCan,14.05,7.45,16.6,90,0,1,0,1,1,1,0.80,1
SoupCan,15.85,7.45,16.6,90,0,1,0,1,1,1,0.80,1
SoupCan,18.2,7.45,16.6,90,0,1,0,1,1,1,0.80,1
SoupCan,20,7.45,16.6,90,0,1,0,1,1,1,0.80,1
SoupCan,21.8,7.45,16.6,90,0,1,0,1,1,1,0.80,1
SoupCan,24.15,7.45,16.6,90,0,1,0,1,1,1,0.80,1
SoupCan,25.95,7.45,16.6,90,0,1,0,1,1,1,0.80,1
SoupCan,27.75,7.45,16.6,90,0,1,0,1,1,1,0.80,1